69
171
289
139
213
12
18
20
22
194
83
88
90
94
158
160
239
243
244
246
287
240
64
209
166
294
81
85
90
92
140
143
146
220
221
38
202
205
142
63
45
50
10
137
140
198
203
207
215
180
168
121
222
282
284
256
44
48
52
235
239
90
95
98
99
103
21
26
27
31
33
51
55
57
58
142
145
272
58
223
226
260
182
154
284
285
287
288
292
47
63
64
283
100
104
109
240
65
6
147
122
224
48
53
56
188
190
61
64
65
68
71
81
209
86
162
175
176
179
91
253
162
110
258
8
9
150
69
70
71
73
18
226
139
141
145
147
149
154
67
225
229
163
168
171
172
266
119
121
9
52
220
221
222
225
228
231
236
39
43
49
51
173
74
79
273
275
279
45
281
128
132
137
23
26
9
38
43
47
50
55
60
21
130
132
237
5
7
29
229
233
202
48
52
20
21
280
281
285
290
291
296
136
37
199
204
25
217
119
120
122
127
131
135
139
245
281
283
183
272
285
286
46
127
119
123
245
248
267
257
110
161
93
102
105
165
168
173
134
122
254
257
262
218
220
68
69
70
74
285
288
68
70
266
270
130
233
123
127
189
211
214
34
39
244
245
224
300
305
105
293
298
299
205
209
194
90
94
97
99
100
179
86
55
59
60
25
29
34
36
218
223
225
228
229
230
120
5
227
127
201
206
188
189
79
177
178
278
280
236
238
241
243
121
255
264
266
14
17
20
25
26
30
35
99
104
233
236
240
242
113
91
162
163
120
123
11
14
16
19
24
213
242
244
247
32
34
142
289
293
298
284
287
108
111
116
2
274
275
278
283
284
289
291
292
293
298
207
212
217
57
60
61
65
66
71
72
168
171
29
33
221
226
114
115
118
121
125
233
82
87
162
166
171
266
270
199
200
202
102
189
212
268
116
189
194
195
200
4
5
9
13
18
6
123
124
82
150
155
32
35
61
279
232
236
257
259
90
94
171
165
170
172
176
177
179
243
158
49
26
278
279
15
269
95
99
101
104
128
224
226
214
216
219
221
60
90
234
99
103
99
161
291
296
300
303
179
182
185
139
140
142
168
131
135
279
208
212
216
217
218
222
223
228
59
60
61
66
131
175
176
180
142
206
211
216
219
220
66
71
76
104
108
112
116
81
84
143
146
151
152
51
53
114
89
93
216
218
52
101
90
95
96
263
268
235
239
259
156
157
33
222
225
227
28
30
176
249
254
259
261
133
136
139
178
143
145
148
153
154
94
96
101
106
205
41
42
11
160
163
164
167
213
215
54
39
279
115
52
55
57
39
164
117
121
59
64
271
273
277
297
302
224
228
232
87
88
257
210
43
46
51
168
259
261
261
23
26
27
31
39
73
77
17
18
153
154
155
156
218
133
136
117
119
122
234
237
235
260
289
144
299
300
237
242
243
193
197
289
290
291
295
273
143
147
269
71
6
11
16
299
189
190
191
156
3
7
282
283
76
13
191
194
199
244
102
220
224
225
229
258
261
203
48
49
218
190
76
81
285
288
283
87
89
94
298
157
45
46
3
8
92
96
100
213
214
217
280
79
246
37
291
293
298
299
221
226
256
180
185
189
193
195
77
79
80
300
192
193
197
202
207
204
20
24
25
29
168
260
130
134
136
137
295
300
305
257
164
253
257
286
289
78
82
84
88
233
128
130
271
273
41
101
26
30
33
38
258
11
152
156
160
161
130
143
148
74
190
85
86
29
131
134
136
137
141
143
147
236
240
242
243
246
251
253
287
219
221
11
14
16
56
61
293
297
29
30
298
56
277
114
281
285
290
289
293
68
71
249
98
100
226
155
156
7
11
39
253
156
158
161
166
167
172
78
159
163
198
61
66
204
68
69
74
77
129
131
133
138
143
296
299
196
198
200
277
122
28
30
137
142
71
227
232
237
64
177
233
149
152
185
123
14
15
219
224
267
272
275
167
170
171
174
176
290
292
260
262
266
297
254
35
162
226
227
52
280
261
195
200
204
205
292
297
19
176
166
139
142
152
153
197
12
84
87
90
174
191
194
280
284
107
111
15
53
51
55
57
271
272
13
49
52
235
50
55
60
61
66
160
284
108
113
245
250
255
258
259
264
268
130
135
138
142
146
278
281
52
139
140
142
71
12
16
19
21
25
27
30
34
86
88
14
16
18
19
24
26
27
40
44
49
50
53
83
85
89
93
66
96
226
111
97
99
31
32
227
231
232
282
29
33
38
40
297
300
305
143
48
49
54
222
225
226
5
7
86
89
93
97
264
237
19
37
261
15
19
140
274
156
158
253
201
203
205
206
48
194
199
202
205
208
59
62
109
114
118
157
3
184
185
192
196
200
203
51
109
112
203
76
77
101
219
224
137
254
30
35
37
250
255
241
242
246
247
47
265
269
111
113
116
120
3
8
13
16
20
23
133
264
86
94
99
100
287
85
90
95
99
13
14
16
201
206
284
6
7
33
80
85
9
12
17
22
24
25
27
30
54
216
218
130
134
136
139
141
143
147
17
21
169
110
114
117
291
168
171
173
112
114
116
98
6
11
187
189
190
194
197
179
183
184
87
91
94
95
97
98
299
302
304
306
19
244
223
187
17
19
24
27
176
243
248
250
254
256
259
65
16
18
85
133
184
230
172
300
302
152
275
11
13
156
175
143
146
95
97
101
104
182
87
81
83
216
105
110
32
117
27
254
258
122
84
149
150
154
2
5
85
112
116
118
120
170
179
75
78
18
48
53
29
34
37
160
165
289
25
27
222
216
217
220
238
239
240
185
76
95
159
259
2
5
8
10
174
178
181
182
184
132
109
114
119
49
295
299
302
198
6
9
256
120
204
42
46
49
50
266
267
268
183
221
204
268
88
89
92
23
24
27
28
228
109
218
220
178
180
184
150
72
77
14
242
138
219
41
143
148
294
39
41
192
281
295
104
108
290
294
73
78
80
110
128
129
134
112
117
36
37
65
237
224
229
230
293
297
302
304
309
155
156
159
161
165
169
128
253
258
259
264
184
120
63
68
71
247
295
297
298
56
57
60
139
144
148
31
144
152
92
97
101
89
90
94
116
121
123
220
225
255
219
221
40
42
47
52
55
58
60
282
287
290
292
294
295
297
301
71
193
237
285
286
290
292
247
71
298
196
155
146
150
299
303
82
85
86
273
275
278
121
122
126
129
151
227
231
234
50
99
102
106
103
7
8
155
211
213
215
218
277
78
289
293
294
298
303
38
41
295
300
71
219
222
211
110
113
127
128
114
115
259
128
131
91
62
64
115
117
120
25
247
252
256
261
54
211
214
62
94
99
104
139
142
145
146
149
153
155
149
151
224
229
241
154
90
219
14
298
69
71
76
78
237
85
36
153
179
55
58
130
128
131
70
238
240
247
249
252
255
9
11
116
121
123
222
225
139
144
147
120
121
108
206
209
120
236
238
240
244
70
72
199
288
216
25
30
31
147
150
154
156
50
218
223
228
234
250
253
193
142
83
84
60
63
66
3
4
5
10
115
119
185
299
304
305
306
308
309
281
286
291
294
30
34
38
212
214
247
145
149
6
217
218
221
198
7
35
40
45
46
10
249
252
123
126
129
134
256
259
263
265
68
178
179
184
81
124
281
283
287
200
201
67
39
144
145
150
170
154
86
9
159
162
167
169
52
55
59
22
25
201
20
126
128
130
99
100
34
38
43
236
237
241
216
262
266
270
274
278
279
215
216
209
210
212
213
110
160
161
162
165
170
206
131
135
139
23
26
170
152
157
104
121
122
127
131
133
71
73
74
125
128
133
112
113
116
299
48
40
269
271
273
218
58
220
235
9
174
179
184
186
189
194
7
10
13
110
24
27
48
51
53
154
67
52
49
50
3
4
8
13
18
20
83
60
298
302
250
251
285
209
196
198
202
204
50
3
19
207
209
214
91
193
71
73
5
8
11
13
16
87
90
91
8
221
12
15
18
198
202
207
290
84
85
86
66
71
74
78
199
202
198
199
200
154
158
57
60
61
38
42
199
203
208
212
213
49
52
129
130
113
144
32
288
203
59
61
295
297
298
300
177
180
183
186
164
165
166
169
172
174
201
204
32
37
240
98
226
227
228
42
44
48
52
260
218
87
63
209
295
297
299
190
193
110
68
71
74
159
87
203
205
206
211
213
226
192
25
27
220
122
5
31
266
22
23
285
287
204
84
194
192
196
98
102
214
34
36
1
6
140
284
287
166
251
256
260
41
287
5
15
233
123
30
181
183
218
223
289
254
147
116
148
153
256
261
265
171
172
234
235
237
239
244
82
170
174
177
37
258
259
117
45
47
52
54
60
63
197
274
35
11
173
178
179
180
143
27
3
45
50
53
54
56
61
66
55
21
22
27
32
55
158
257
259
262
264
60
63
114
223
226
54
51
55
89
148
152
157
158
252
253
131
135
48
52
114
117
118
75
275
277
187
188
190
193
44
46
47
220
222
227
41
227
228
232
234
154
180
43
48
52
142
147
152
153
158
160
165
228
144
242
243
153
207
120
116
121
198
278